((("unless" .
   [1 0 0 0 0 0])
  ("tweet_id" .
   [2 0 0 0 0 0 0 0])
  ("ReadTweet" .
   [1 0 0 0 0 0 0 0 0])
  ("lastRead" .
   [2 0 0 0 0 0 0 0])
  ("line" .
   [1 0 0 0])
  ("split" .
   [1 0 0 0 0])
  ("each" .
   [1 0 0 0])
  ("term" .
   [1 0 0 0])
  ("<dict>" .
   [1 0 0 0 0 0])
  ("Line</key>" .
   [1 0 0 0 0 0 0 0 0 0])
  ("cv2" .
   [2 0 0])
  ("imshow" .
   [2 0 0 0 0 0])
  ("thresh" .
   [1 0 0 0 0 0])
  ("print" .
   [2 0 0 0 0])
  ("chr" .
   [1 0 0])
  ("key" .
   [2 0 0])
  ("roismall" .
   [1 0 0 0 0 0 0 0])))
